30
24415
0 1 1 0 1 0 1 0 1 0 1 0 1 0 0 0 0 1 1 0 0 0 0 1 0 0 1 0 1 1 0 1 0 0 0 0 0 0 0 0 0 0 0 1 0 0 0 0 0 1 0 0 0 0 0 0 1 0 0 0 0 1 1 0 0 1 0 0 1 0 0 0 0 0 0 0 1 0 1 1 0 0 0 0 1 1 0 0 0 0 0 1 1 0 0 0 0 0 1 0 
25021
0 0 0 1 0 0 0 0 0 0 1 0 0 0 0 0 0 0 1 0 1 0 0 0 0 0 0 1 1 0 0 0 0 1 1 0 1 0 0 1 0 1 1 0 0 1 0 0 1 1 0 0 0 0 1 0 1 1 0 0 0 1 1 0 1 0 0 0 0 0 0 0 0 1 1 0 0 0 0 0 0 1 0 0 0 0 0 0 1 0 1 1 0 1 0 1 0 0 0 1 
24537
0 0 0 0 1 0 1 0 0 0 1 1 0 1 0 0 0 0 1 0 0 1 0 0 0 0 1 0 1 0 0 0 1 0 0 0 0 1 1 0 0 0 1 0 1 0 0 0 1 0 0 0 0 0 1 1 0 0 0 1 1 0 0 0 1 0 0 0 0 1 0 0 1 0 1 0 0 0 0 0 0 0 0 0 1 0 0 1 0 0 0 0 1 1 0 1 1 0 0 1 
23704
0 1 0 1 0 1 0 0 1 0 0 1 1 1 0 1 0 0 0 0 0 0 1 0 0 0 1 1 0 0 1 0 0 0 1 1 1 0 0 0 0 0 1 0 0 0 0 0 0 1 0 0 0 1 1 0 0 0 0 0 0 0 0 1 1 0 0 0 0 0 1 0 0 0 0 0 0 0 1 1 0 0 0 0 0 0 1 0 0 0 1 1 0 1 0 1 0 0 0 0 
24969
0 0 1 1 1 0 0 0 0 0 0 0 0 1 0 0 1 1 0 0 0 0 0 0 0 0 0 0 1 0 0 1 1 0 1 0 0 0 0 0 1 0 0 0 1 0 1 0 0 1 0 0 0 0 1 1 1 0 1 0 1 1 1 0 0 1 0 1 0 0 0 1 0 0 0 0 0 0 0 1 0 1 0 0 0 0 0 1 0 0 0 0 1 0 0 0 0 0 1 1 
25971
1 1 1 0 0 1 1 1 0 0 0 0 0 1 1 0 1 0 0 0 1 0 0 0 0 0 0 0 1 0 1 1 1 1 1 0 0 0 0 0 1 0 0 0 1 0 1 0 1 0 0 0 1 0 1 1 1 0 1 0 0 0 0 0 1 0 0 0 0 0 1 0 0 1 0 1 0 0 1 0 0 0 0 0 1 0 0 0 0 1 0 0 0 0 0 0 0 0 0 0 
25668
0 0 0 0 0 0 1 0 1 0 0 0 0 1 1 0 0 0 1 0 0 1 1 0 0 1 1 0 1 0 0 0 0 0 0 0 0 0 0 1 0 0 0 1 1 0 1 0 0 1 1 0 0 0 1 0 0 0 0 0 1 0 0 1 1 0 0 0 0 0 0 0 0 1 0 0 1 0 1 1 0 1 0 0 0 0 0 1 1 0 0 0 1 1 0 1 1 0 0 0 
23575
0 0 0 1 0 0 1 0 0 0 0 0 0 0 1 0 1 0 1 0 1 0 0 0 1 0 0 1 0 1 0 0 1 0 0 0 0 0 0 0 0 0 0 0 0 0 1 0 0 0 0 0 0 0 0 0 0 0 1 1 0 0 0 0 0 0 0 0 0 0 0 1 0 0 0 0 1 1 0 1 0 0 1 1 0 0 0 0 0 0 1 0 1 0 1 0 0 0 0 1 
24822
0 0 0 0 0 1 0 1 0 0 0 0 0 0 1 1 1 0 0 0 0 0 0 1 1 0 0 1 0 0 1 0 0 0 0 0 1 0 0 0 1 0 0 0 1 0 0 1 0 0 0 0 0 0 0 1 0 1 0 1 0 0 0 0 0 1 1 0 0 1 0 1 0 0 0 0 0 0 0 0 1 0 0 1 0 0 0 0 0 0 1 0 1 0 0 0 0 1 0 0 
24312
0 0 0 0 0 0 0 1 0 1 0 0 0 0 0 1 0 1 0 1 0 0 1 0 0 0 0 0 0 0 1 0 0 1 0 0 1 1 1 1 0 0 0 1 1 1 0 0 1 0 0 1 0 0 0 1 1 0 0 0 0 1 0 0 1 0 0 0 0 0 0 0 0 1 0 0 0 0 0 0 0 0 1 0 0 0 1 0 0 0 1 0 0 0 0 1 0 0 0 1 
42810
1 0 1 1 0 0 0 1 1 1 1 0 1 0 0 1 0 1 1 1 0 0 0 0 1 1 1 1 0 1 0 0 1 0 1 1 1 1 0 0 1 0 1 0 1 0 1 0 0 1 1 0 1 0 0 1 0 1 0 1 0 0 0 0 0 0 0 1 0 0 1 1 0 1 1 0 1 0 0 1 1 0 1 1 1 1 0 0 1 1 0 1 1 1 0 0 0 0 1 1 
41063
0 0 1 1 1 1 1 0 0 1 1 0 0 0 1 0 1 1 0 1 1 0 1 1 1 0 0 0 1 0 1 1 0 0 0 1 1 1 1 1 1 1 0 0 1 0 0 1 0 1 0 0 1 0 1 0 0 1 0 0 1 0 0 1 1 1 0 1 0 1 1 0 0 1 1 0 1 1 0 0 1 1 0 0 0 0 0 0 1 1 0 0 0 0 0 0 0 1 1 0 
42432
0 0 1 1 1 0 1 0 1 1 0 1 1 1 0 1 0 0 1 1 1 0 0 1 1 1 0 1 0 1 0 1 1 0 1 1 1 0 0 0 1 1 1 0 1 1 1 0 1 1 1 0 1 1 0 1 0 1 1 0 1 1 0 0 1 0 0 1 1 0 1 0 0 0 0 1 0 0 0 1 0 0 0 1 1 1 0 0 1 0 0 1 1 0 1 1 0 0 0 0 
44488
0 0 1 0 0 0 1 0 1 0 0 0 1 1 0 0 1 1 0 1 1 1 1 0 1 1 1 0 0 1 0 0 0 1 0 1 1 0 1 0 1 0 0 0 1 0 0 1 0 1 1 1 1 0 0 0 0 1 1 0 1 0 1 1 1 1 1 0 1 0 1 1 0 0 1 1 1 0 0 0 0 0 1 0 1 0 1 1 0 0 0 0 1 1 0 1 0 1 0 1 
42499
1 1 1 1 0 1 1 0 0 1 0 0 0 1 0 0 1 0 1 0 1 1 0 1 0 1 1 1 1 0 1 1 1 0 1 0 1 1 1 1 1 1 0 1 0 0 1 0 1 0 0 1 1 1 0 1 0 1 0 1 0 0 0 1 0 1 1 1 0 0 0 0 1 1 0 0 1 1 0 0 1 0 1 1 0 1 1 0 1 0 0 1 1 0 0 1 1 0 1 0 
42718
1 1 1 0 0 1 0 0 0 1 0 1 1 0 0 0 0 0 0 1 1 0 0 0 0 1 0 1 1 0 0 1 0 1 0 1 0 1 0 0 0 1 1 1 1 1 0 1 1 0 0 0 0 0 1 0 0 0 0 1 1 1 1 1 1 1 1 1 0 1 0 0 1 0 0 1 1 0 0 0 0 1 1 1 0 1 1 1 0 1 1 0 1 0 0 1 0 1 1 0 
40655
0 1 0 1 1 1 1 1 0 0 1 1 0 0 1 1 0 1 0 1 1 0 0 1 1 1 0 1 1 1 0 0 1 0 1 1 0 0 1 1 0 0 1 0 1 1 0 1 1 1 1 0 0 1 1 0 1 1 1 1 0 0 1 0 1 1 1 1 0 0 0 0 0 0 0 0 0 1 0 0 1 0 0 0 0 1 1 0 0 1 0 1 0 0 1 0 0 1 1 0 
45209
0 0 0 0 0 1 1 0 0 1 0 1 1 0 1 0 0 0 1 0 0 1 0 0 0 0 1 1 1 0 0 0 0 0 0 0 1 1 1 1 1 0 1 1 1 0 0 0 0 1 1 1 1 0 1 1 0 1 0 0 0 1 0 0 0 1 0 1 0 0 1 0 1 1 1 0 1 1 0 1 0 1 1 1 0 0 1 0 0 0 1 1 0 1 1 1 1 0 1 0 
43679
0 0 0 0 1 1 0 0 0 0 1 1 0 1 1 0 0 0 0 1 1 0 0 0 1 0 1 1 0 1 0 0 0 1 0 1 1 0 0 0 0 0 1 1 1 1 1 0 0 1 1 1 1 0 1 0 0 0 0 1 1 0 1 0 1 0 1 0 0 0 1 0 1 1 0 1 1 0 1 0 1 1 0 1 0 1 1 1 0 0 1 1 0 0 1 0 0 1 0 1 
43631
1 1 0 1 0 1 1 0 0 1 0 1 0 0 1 0 1 1 0 0 0 0 1 1 0 1 0 1 1 1 0 0 0 0 0 0 1 0 0 1 1 0 0 1 1 1 1 0 0 0 1 1 1 1 0 1 0 1 0 0 0 0 0 0 1 1 1 1 0 0 1 0 1 1 1 0 0 0 1 0 0 1 0 0 0 1 0 1 1 1 1 0 1 1 1 1 0 0 1 1 
60399
1 1 0 1 1 0 1 1 1 1 1 1 1 0 0 1 1 1 0 0 0 0 0 1 1 1 1 1 1 1 1 1 1 1 1 1 1 0 1 1 1 1 1 0 1 1 1 1 1 0 1 1 1 0 1 0 1 1 1 1 0 1 1 1 1 1 1 1 0 1 1 1 1 1 1 1 0 0 1 0 1 1 0 0 0 0 1 1 1 1 0 1 0 1 0 1 1 1 1 0 
62525
1 1 1 0 0 1 1 1 1 1 1 1 1 1 1 1 1 1 0 1 0 0 1 0 1 1 1 1 1 1 1 1 1 1 1 1 1 1 1 1 1 1 1 0 1 1 1 0 1 1 1 0 1 1 1 1 1 1 1 1 1 0 1 1 1 0 0 1 0 0 0 0 1 0 0 1 1 1 1 0 0 1 0 0 1 1 0 1 1 1 1 1 1 0 1 1 1 1 1 0 
59783
1 1 1 1 1 0 0 1 1 1 1 0 1 0 1 0 1 1 1 0 0 1 1 1 1 1 1 1 1 0 1 1 1 1 1 1 1 1 1 1 1 1 1 1 1 1 1 1 1 0 0 0 0 1 1 0 0 1 1 1 1 0 1 1 1 1 1 1 1 0 1 1 1 1 1 0 1 0 1 1 0 0 0 1 0 1 1 1 0 1 1 1 1 1 1 0 1 0 1 1 
60518
1 1 0 1 1 1 1 1 1 0 0 1 1 0 0 1 1 1 1 1 0 0 0 1 1 1 1 1 1 1 0 1 1 1 0 1 1 1 1 1 1 1 1 0 1 0 1 1 1 0 0 1 1 1 1 1 1 0 0 0 1 1 1 1 1 1 0 1 1 1 0 0 0 1 1 0 1 1 1 1 0 1 0 0 0 1 1 1 1 1 1 0 1 1 0 1 1 0 1 1 
61225
1 1 0 1 0 1 1 1 1 1 1 1 1 0 1 1 1 1 1 1 1 0 0 1 1 1 1 1 1 0 1 1 1 0 0 1 0 1 0 1 0 1 0 0 0 1 1 0 0 1 0 1 1 1 0 1 1 1 1 1 0 1 0 0 1 1 1 1 1 1 1 1 1 1 1 1 1 1 0 1 1 1 1 1 1 0 0 0 0 1 1 1 1 1 1 1 1 1 1 0 
59370
1 0 1 0 1 0 1 0 1 1 1 1 0 1 1 1 0 1 1 1 0 1 1 0 1 1 1 1 1 1 1 0 1 1 0 1 1 1 0 1 1 0 1 0 1 0 0 1 1 1 1 0 1 0 1 0 1 1 0 1 1 0 1 1 1 1 1 1 0 1 0 0 1 0 0 1 1 1 1 0 0 0 1 0 1 1 1 1 0 1 1 0 1 1 1 1 1 1 1 1 
61138
1 1 1 1 1 0 1 1 1 0 1 0 1 0 0 1 1 0 0 1 1 0 0 0 1 1 1 1 0 1 1 0 1 1 1 1 1 1 1 1 1 0 1 0 1 1 1 1 1 1 1 0 1 1 0 1 1 0 1 1 0 0 1 1 1 1 0 1 0 1 1 1 1 1 1 1 1 1 1 0 1 1 1 0 1 1 1 1 1 1 1 1 0 0 1 1 1 1 1 1 
61486
1 1 1 0 0 1 1 1 0 1 1 1 1 1 1 1 1 0 0 0 0 1 1 0 1 0 1 0 1 1 0 1 1 1 1 1 0 1 0 0 0 1 1 1 1 0 1 1 1 1 0 0 0 1 1 0 1 1 1 1 1 1 0 1 1 1 1 1 0 1 1 0 1 1 1 0 1 1 0 1 1 1 1 1 1 1 1 1 0 1 1 0 0 0 1 0 1 1 1 1 
59097
0 1 1 1 1 1 0 1 0 1 1 1 1 0 1 1 0 0 0 1 1 1 1 1 1 1 1 0 1 1 0 1 1 1 1 1 1 1 1 1 1 1 1 1 1 0 1 0 1 1 1 1 0 1 0 1 1 1 0 1 1 0 1 1 1 0 1 1 1 1 1 1 1 1 1 1 0 0 1 1 1 1 1 1 1 1 0 0 0 1 1 1 0 0 0 1 1 1 1 1 
60453
1 0 0 0 1 1 1 0 1 1 1 1 0 1 1 0 1 1 1 1 1 1 0 1 1 0 1 0 0 0 1 1 1 1 1 1 0 1 1 1 1 1 1 1 0 1 1 1 0 1 1 1 0 1 1 1 0 0 0 1 1 0 1 1 1 1 1 0 1 0 1 1 1 1 1 1 1 1 0 1 1 1 1 1 1 1 0 0 1 1 0 1 1 0 1 1 1 1 0 1 
